Year,"Inflation, consumer prices (annual %)",Trade in services (% of GDP)
1980,12.09783723,75.61596645
1981,11.1144985,76.978619
1982,6.012621017,72.242286
1983,4.0,72.99746076
1984,3.966346154,63.13752388
1985,4.605009634,65.16568558
1986,5.433781544,66.58847321
1987,5.756464011,63.65143934
1988,4.402411828,62.68497818
1989,5.387658228,65.19595036
1990,4.66931912,65.48010107
1991,7.114681202,61.17011018
1992,5.738198862,61.27693792
1993,2.72289767,65.54786546
1994,1.399334237,65.59680884
1995,2.066994954,63.61621464
1996,1.379137412,63.56331394
1997,0.5441503834,38.35694749
1998,1.336613366,36.93573454
1999,1.25424826,35.58363169
2000,1.606329417,37.13132099
2001,2.044989775,33.39332494
2002,2.173577925,34.65697601
2003,3.025045263,35.4796851
2004,0.9819140368,38.37955493
2005,1.591606181,38.60548901
2006,2.389826274,39.80378175
2007,2.492577949,39.3557732
2008,4.489559954,37.40097414
2009,2.062734735,35.53330208
2010,1.344027384,36.39816121
2011,3.198781417,37.59539047
2012,1.97336756,39.44851498
2013,0.7224147845,41.04422785
2014,1.513756431,39.97290642
2015,1.861483029,35.25514741
